1036615016
1060584315
1067323649
1171869266
1236174432
1242785521
1256
1306516389
1312559922
1418210389
1458039496
1574611955
1627703442
1638319242
166991432
1726320631
1746287781
1812451706
1873549870
1885128855
1952542070
1981034704
1997211886
2038783773
2058322002
2085763134
213487719
2179270029
2181738623
2299247585
2327613413
2346691913
2382042679
2383142401
25050535
2525252510
258852483
2706099331
2867015682
2912373279
2931451025
295913822
3097347022
3120288
327937524
3296287005
3337986277
341089031
3489200015
3521769074
3565627262
3606258780
3702852504
3970967990
4039477519
407190304
4122924782
564320376
583585076
721986684
727455807
783739508
867136674
896260251
